Medial: [   1.73819041 -126.89467502 -900.5       ]
Lateral: [-199.03337657  -87.7833308  -900.5       ]
