Medial: [-9.15527344e-05 -1.27763816e+02 -9.00500000e+02]
Lateral: [-194.68767166  -87.7833308  -900.5       ]
