Medial: [ 8.69049430e-01 -1.26025534e+02 -9.00500000e+02]
Lateral: [-195.55681264  -86.91418982 -900.5       ]
