Medial: [ 8.69049430e-01 -1.51230623e+02 -9.00500000e+02]
Lateral: [-195.55681264  -88.65247178 -900.5       ]
